initial: 6
0.71959 0.00053 0.09168 0.18820 0.00000 0.00000

transition: 6
0.30879 0.00118 0.49314 0.00024 0.00000 0.19666
0.00085 0.20073 0.79738 0.00104 0.00000 0.00000
0.00034 0.49946 0.20142 0.29878 0.00000 0.00000
0.00001 0.20166 0.00001 0.59775 0.00000 0.20057
0.10495 0.00000 0.00000 0.00000 0.49838 0.39667
0.00004 0.39476 0.00000 0.00000 0.30081 0.30440

observation: 6
0.99543 0.49850 0.29766 0.09829 0.00038 0.09894
0.00246 0.00011 0.40005 0.09973 0.10420 0.09740
0.00211 0.00205 0.20086 0.80198 0.09088 0.30899
0.00000 0.49927 0.10138 0.00000 0.00464 0.39580
0.00000 0.00007 0.00005 0.00000 0.00237 0.09887
0.00000 0.00000 0.00000 0.00000 0.79752 0.00000
