initial: 6
0.50759 0.49241 0.00000 0.00000 0.00000 0.00000

transition: 6
0.29194 0.50809 0.00652 0.19311 0.00000 0.00034
0.00069 0.50197 0.19886 0.00000 0.00000 0.29849
0.00228 0.00018 0.20244 0.78871 0.00000 0.00639
0.00015 0.00104 0.00444 0.28167 0.51278 0.19993
0.00000 0.00000 0.00000 0.00000 0.50079 0.49921
0.59862 0.00000 0.20650 0.19488 0.00000 0.00000

observation: 6
0.00020 0.29978 0.00143 0.10011 0.29875 0.09837
0.09987 0.39657 0.00000 0.10145 0.00000 0.10062
0.40444 0.19997 0.49027 0.29588 0.30230 0.00000
0.49549 0.10368 0.50668 0.40262 0.00000 0.00000
0.00000 0.00000 0.00162 0.09995 0.00000 0.80101
0.00000 0.00000 0.00000 0.00000 0.39895 0.00000
