initial: 6
0.71839 0.00257 0.09155 0.18749 0.00000 0.00000

transition: 6
0.29580 0.00879 0.50565 0.00049 0.00000 0.18927
0.19919 0.20156 0.59889 0.00002 0.00033 0.00001
0.00276 0.49657 0.20058 0.30005 0.00000 0.00004
0.00005 0.20206 0.00038 0.59755 0.00000 0.19996
0.10739 0.00000 0.00000 0.00000 0.50054 0.39207
0.00028 0.39462 0.00000 0.00000 0.30415 0.30095

observation: 6
0.69577 0.49800 0.30221 0.10015 0.00009 0.09747
0.00133 0.00077 0.39859 0.09933 0.10276 0.09741
0.30290 0.00019 0.20038 0.19618 0.09775 0.30225
0.00000 0.50103 0.09870 0.00000 0.00118 0.40378
0.00000 0.00000 0.00011 0.60435 0.00291 0.09910
0.00000 0.00000 0.00000 0.00000 0.79531 0.00000
